0000000000000101
0000110001000000
0000110000100000
0000110000000100
0000110000010000
0000000000000001
0000000000000011
0000000000000111
0000010000001010
0000000000000001
0000000000000011
0000000000000111
0000010000001010
0000010000000100
0000010001000000
0000010000100000
0000100000000100
0000100000100000
0000100000000010
0101010101010101
1010101010101010
1011101110111000
1001001011101011
0101010111100001
1010101010111111
0010011011101011
1001010101011001
1000000110000001
0011111111011111
0000100000010000
0000110001000000
0000110000100000
0000110000000100
0000110000010000
0001000000000100
0001000000000011
0001000000101000
0001000000010000
0000100000100000
0000000000000111
0000010000001010
0000000000000001
0000000000000011
0000000000000111
0000010000001010
0000010000000100
0000000000000101
0000110001000000
0000110000100000
0000110000000100
0000110000010000
0000000000000001
0000000000000011
0000000000000111
0000000000000101
0000110001000000
0000110000100000
0000110000000100
0000110000010000
0000000000000001
0000000000000011
0000000000000111
0000010000001010
0000000000000001
0000000000000011
0000000000000111
0000010000001010
0000010000000100
0000010001000000
