0000000000000101 230
0000000000000001 108
0000000000000011 79
0000000000000111 4
0000010000001010 5
0000010000000100 72
0000010001000000 78
0000010000100000 234
0000100000000100 21
0000100000100000 22
0000100000000010 56
0000100000010000 43
0000110001000000 23
0000110000100000 12
0000110000000100 10
0000110000010000 109
0001000000000100 178
0001000000000011 165
0001000000101000 154
0001000000010000 13
0101010101010101 128
1010101010101010 219
1011101110111000 200
1001001011101011 100
0101010111100001 29
1010101010111111 192
0010011011101011 54
1001010101011001 28
1000000110000001 254
0011111111011111 65
